
public class Spielfeld {
	
	//0 = leeres Feld
	//1 = Wand
	//2 = Punkt
	protected int[][] playGround = {
			       {1,1,1,1,1,1,1,1,1,1,1,1,1,1,1,1,1,1,1,1,1,1,1,1,1,1,1,1,1},
			       {1,2,2,2,2,2,2,2,2,2,2,2,2,2,2,2,2,2,2,2,2,2,2,2,2,2,2,2,1},
			       {1,2,1,1,1,1,2,1,0,0,0,1,2,1,0,0,0,0,0,1,2,1,1,1,1,2,1,2,1},
			       {1,2,1,0,0,0,2,1,0,0,0,1,2,1,1,0,0,0,1,1,2,1,0,0,0,2,1,2,1},
			       {1,2,1,0,0,0,2,0,1,0,1,0,2,1,0,1,0,1,0,1,2,1,0,0,0,2,1,2,1},
			       {1,2,1,0,1,1,2,0,0,1,0,0,2,1,0,0,1,0,0,1,2,1,1,1,1,2,1,2,1},
			       {1,2,1,0,0,1,2,0,0,1,0,0,2,1,0,0,0,0,0,1,2,1,0,0,0,2,1,2,1},
			       {1,2,1,1,1,1,2,0,0,1,0,0,2,1,0,0,0,0,0,1,2,1,1,1,1,2,1,2,1},
			       {1,2,2,2,2,2,2,2,2,2,2,2,2,2,2,2,2,2,2,2,2,2,2,2,2,2,2,2,1},
			       {1,1,1,1,1,1,1,1,1,1,1,1,1,1,1,1,1,1,1,1,1,1,1,1,1,1,1,1,1}
			}; 
	
}
